Webots Project File version R2022a
perspectives: 000000ff00000000fd0000000200000001000002310000029bfc0200000002fb0000001a0043006f006e0073006f006c00650041006c006c0041006c006c01000000130000029b0000003900fffffffb0000001400540065007800740045006400690074006f00720000000013000001c00000008900ffffff0000000300000556000000d9fc0100000001fb0000001a0043006f006e0073006f006c00650041006c006c0041006c006c02000000000000020900000556000000d9000003230000029b00000001000000020000000100000008fc00000000
simulationViewPerspectives: 000000ff000000010000000200000100000004540100000002010000000100
sceneTreePerspectives: 000000ff000000010000000200000089000000fa0100000002010000000200
minimizedPerspectives: 000000ff00000000fd0000000200000001000003620000029bfc0200000001fb0000001400540065007800740045006400690074006f007201000000130000029b0000008900ffffff0000000300000556000000d9fc0100000001fb0000001a0043006f006e0073006f006c00650041006c006c0041006c006c02000000000000020900000556000000d9000001f20000029b00000001000000020000000100000008fc00000000
maximizedDockId: -1
centralWidgetVisible: 1
projectionMode: ORTHOGRAPHIC
orthographicViewHeight: 2.68345
textFiles: 0 "controllers/PID_wall_follower/PID_wall_follower.c" "../../../../../../snap/webots/20/usr/share/webots/projects/robots/gctronic/e-puck/controllers/e-puck_avoid_obstacles/e-puck_avoid_obstacles.c"
consoles: Console:All:All
consoles: Console:All:All
renderingDevicePerspectives: e-puck:camera;0;1.46154;0;0
